www.hsyps.com
douniuchuqianduju.tingpai.at
07ruien.com
www.laigong.com
www.sun278.com
www.cx888999.net
www.jing3188.com
zuixinsangonggaokejiyulepaiju.45462.at
cx8833.com
www.8cc.tv
www.328mscnet.com
10139.88wpai.at
www.tvbjsu.com
zuixinmajiangchuqianduju.11358.at
www.jing1388.com
63ea1.ndd88.at
hnmms.tumblr.com
84aff.884a2.at
www.zjtuc.com
www.qhfjbbs.cn
www.hjm35.com
www.wdhsyc.com
www.saey9.com
www.zjsvip.com
www.zzevp.com
www.hsvzn.com
www.bjzhuoda.com
www.erjhsy.com
zjsvip.com
hjm35.com
www.zjdv10086.com
www.hg10008.com
www.tvtvbjs.com
www.hsnvx.com
www.zghsyaww.com
www.37wc.com
www.rq.kjkl8.com
www.hsyiaa.com
mail.ttxvm.com
www.wm2w.com
www.hfkdkw.com
www.kaoyandaikao.com
www.mbadaikao.com
www.dwk9.com
www.123chb.com
www.dw6c.com
qqitx.com
www.tjjssw.com
beijingdaikao.h45h5gf.com
beijingdaikao.yasi.54664564.com
yingyu-qiangshou.com
klean8.net
sanji-yingyu.com
www.lbtkw.com
qndkao.com
chengren-sanji.com
www.xo0uo.com
www.mb4-873.com
www.qihdkw.com
beijing-tikao.com
31fdd.haiyu1.at
6f89e.puke9.at
pukepaichuqian.meili88.at
www.eflksd.com
gzbs1688.izhisou.com
192.80.161.103
www.zzyedu.cn
www.zg2013hsy.net
www.zghsyintv.com
www.szjf6.com
www.zghsy8u.com
360.mkc003.net
www.ccjstv.com
www.kskeu.com
www.ccmk33.com
16e66.51wanp.at
8c00b.gaokej.at
sangongchuqiangongju.5jiqiao.at
cx8899.net
cx8899.in
www.jd6899.com
www.nj-fule.com
3gongchuqian.555nx.at
cx6899.co
cx8899i.com
zuixinchuqianduju.huxiang.at
pukepaichuqianduju.hupai8.at
5d705.nxpju.at
zuixinmajiangchuqianduju.5hongx.at
hunandiannao.com
sangongdanrencaozuoganyingqi.nxwan.at
pukechuqianguangpan.5jiqiao.at
douniuwanfa.999nx.at
c03b.aaww2.at
85dc0.wenat.at
dusangongdachixiaozenmechuqian.laike8.at
2be17.fafal.at
www.mobaimall.com
zuixindujuzhikongsezi.huangnx.at
9002.w.ezuk.net
guangzhoudayangyulepaiju.duwan.eu
174.139.204.49:1688
mbaoyang.com
www.baoyang9.com
zbaoyang.com
www.sbias.com
dezhoupukeruhechuqian.hahahu.eu
6802a.nnwae.at
8edc2.ndd88.at
wanpaijiuchuqianduju.yule88.at
daikaoyingyu.com
chuqiantoushidujudaquan.hupai8.at
beijingdaikao.5347450.com
8f49f.fanuoxin.com
dujinhuazenmechuqian.paijy.at
zuixinchuqianduju.haha5.at
zhajinhuachuqianfangfa.nxkauile.at
zhajinhuachuqiandaoju.jineng88.at
wanpaijiuchuqianduju.nxwan.at
dubochuqianzhajinhua.yl777.at
pukezuobijishu.9999nx.at
www.jinkouyy.com
hsa1l.tumblr.com
www.sun557.com
zjtv.hrbxlbxg.com
www.r0757.cn
www.bjhzqz.com
www.diandaedu.com
www.zsyhsy.com
www.yuanyangair.com
www.11company.com
guangzhoupukedujuzhidianyi.yingdp.at
2b29f.888nx.at
www.zjktu.com
www.lfdaoj.com
www.zzje10086.com
www.sqqvod.com
www.hppaug.com
www.hsykk.com
www.zghsyvm.com
110.34.245.211:1111
174.139.31.73:3989
www.ky2324.com
www.sm8338.com
www.ivalium.net
www.hsyps198.com
23d90.haiyu1.at
www.66lz.com
www.qqmvt.com
www.hexiejiay.com
facebook.com
google.com
youtube.com
yahoo.com
baidu.com
wikipedia.org
amazon.com
live.com
qq.com
taobao.com
blogspot.com
google.co.in
twitter.com
linkedin.com
yahoo.co.jp
bing.com
sina.com.cn
yandex.ru
msn.com
vk.com
ebay.com
wordpress.com
google.com.hk
google.de
163.com
weibo.com
google.co.jp
google.co.uk
mail.ru
microsoft.com
ask.com
tumblr.com
google.fr
hao123.com
xvideos.com
googleusercontent.com
conduit.com
google.com.br
pinterest.com
fc2.com
delta-search.com
google.ru
xhamster.com
craigslist.org
amazon.co.jp
tmall.com
mywebsearch.com
google.it
google.es
babylon.com
sohu.com
paypal.com
adobe.com
imdb.com
apple.com
odnoklassniki.ru
instagram.com
bbc.co.uk
soso.com
pornhub.com
ifeng.com
google.com.mx
amazon.de
avg.com
aol.com
google.ca
go.com
blogger.com
cnn.com
youku.com
360.cn
alibaba.com
adcash.com
yieldmanager.com
redtube.com
blogspot.in
alipay.com
neobux.com
adf.ly
rakuten.co.jp
about.com
google.com.au
xnxx.com
google.com.tr
bp.blogspot.com
flickr.com
dailymotion.com
ebay.de
sogou.com
ku6.com
amazon.co.uk
google.pl
stackoverflow.com
huffingtonpost.com
imgur.com
livejasmin.com
jd.com
youporn.com
livedoor.com
thepiratebay.se
netflix.com
uol.com.br
ebay.co.uk
t.co
ameblo.jp
espn.go.com
nicovideo.jp
cnet.com
chinaz.com
wordpress.org
globo.com
incredibar.com
google.com.sa
wigetmedia.com
douban.com
google.nl
reddit.com
nytimes.com
mediafire.com
indiatimes.com
google.com.ar
searchnu.com
google.com.eg
weather.com
4shared.com
56.com
tube8.com
directrev.com
godaddy.com
amazon.cn
softonic.com
amazonaws.com
bankofamerica.com
kat.ph
deviantart.com
dailymail.co.uk
google.co.id
ehow.com
renren.com
livejournal.com
badoo.com
blogfa.com
ask.fm
vimeo.com
slideshare.net
google.com.tw
google.co.th
media.tumblr.com
google.cn
goo.ne.jp
